channels = [[[36.900000000000006, 23.900000000000002], [36.900000000000006, 28.700000000000006], 0.2, 0.1, false, 0], [[30, 22.0], [43.70000000000002, 22.0], 0.2, 0.1, false, 0], [[39.900000000000006, 22.0], [39.900000000000006, 23.900000000000002], 0.2, 0.1, false, 0], [[33.900000000000006, 22.0], [33.900000000000006, 26.300000000000004], 0.2, 0.1, false, 0], [[30, 30.60000000000001], [43.70000000000002, 30.60000000000001], 0.2, 0.1, false, 0], [[33.900000000000006, 23.900000000000002], [41.80000000000001, 23.900000000000002], 0.4, 0.4, true, 1.2], [[36.900000000000006, 22.0], [36.900000000000006, 20], 0.4, 0.4, true, 1.2], [[33.900000000000006, 26.300000000000004], [39.900000000000006, 26.300000000000004], 0.2, 0.1, true, 1.2], [[41.80000000000001, 23.900000000000002], [41.80000000000001, 33.100000000000016], 0.4, 0.4, true, 1.2], [[36.900000000000006, 31.30000000000001], [36.900000000000006, 30.60000000000001], 0.4, 0.4, true, 1.2], [[36.900000000000006, 31.30000000000001], [36.900000000000006, 33.100000000000016], 0.4, 0.4, true, 1.2], [[36.900000000000006, 20], [32.0, 20], 0.4, 0.4, true, 1.2], [[33.900000000000006, 28.700000000000006], [33.900000000000006, 30.60000000000001], 0.2, 0.1, false, 0], [[32.0, 20], [32.0, 31.30000000000001], 0.4, 0.4, true, 1.2], [[32.0, 31.30000000000001], [36.900000000000006, 31.30000000000001], 0.4, 0.4, true, 1.2], [[36.900000000000006, 28.700000000000006], [33.900000000000006, 28.700000000000006], 0.2, 0.1, false, 0], [[39.900000000000006, 30.60000000000001], [39.900000000000006, 26.300000000000004], 0.2, 0.1, false, 0], [[39.900000000000006, 23.900000000000002], [36.900000000000006, 23.900000000000002], 0.2, 0.1, false, 0], [[33.900000000000006, 28.700000000000006], [41.80000000000001, 28.700000000000006], 0.4, 0.4, true, 1.2]];
ports = [[[33.900000000000006, 26.300000000000004], 0.5, 0.1, true, 1.2], [[39.900000000000006, 26.300000000000004], 0.5, 0.1, true, 1.2]];
vias = [[[33.900000000000006, 26.300000000000004], 0.6, 0.5, 1.0999999999999999, false, 0], [[39.900000000000006, 26.300000000000004], 0.6, 0.5, 1.0999999999999999, false, 0]];
valves = [[[33.900000000000006, 28.700000000000006], 1.2, 1, 0.8999999999999999, true, 1.2], [[39.900000000000006, 28.700000000000006], 1.2, 1, 0.8999999999999999, true, 1.2], [[36.900000000000006, 22.0], 1.2, 1, 0.8999999999999999, true, 1.2], [[36.900000000000006, 30.60000000000001], 1.2, 1, 0.8999999999999999, true, 1.2], [[39.900000000000006, 23.900000000000002], 1.2, 1, 0.8999999999999999, true, 1.2], [[33.900000000000006, 23.900000000000002], 1.2, 1, 0.8999999999999999, true, 1.2]];
standoffs = [[[3, 48], 1.2, 1, 1.2, false, 0], [[72.8, 48], 1.2, 1, 1.2, false, 0], [[72.8, 3], 1.2, 1, 1.2, false, 0], [[3, 3], 1.2, 1, 1.2, false, 0]];
labels = [];
width = 75.8;
height = 51;
flip = false;
layer_offset = 0;
include <../SCAD/uf_Generator.scad>