channels = [[[33.900000000000006, 26.300000000000004], [39.900000000000006, 26.300000000000004], 0.2, 0.1, true, 1.2], [[33.900000000000006, 26.300000000000004], [39.900000000000006, 26.300000000000004], 0.2, 0.1, true, 1.2], [[36.900000000000006, 22.0], [36.900000000000006, 20], 0.4, 0.4, true, 1.2], [[36.900000000000006, 22.0], [36.900000000000006, 20], 0.4, 0.4, true, 1.2], [[36.900000000000006, 20], [32.0, 20], 0.4, 0.4, true, 1.2], [[36.900000000000006, 20], [32.0, 20], 0.4, 0.4, true, 1.2], [[32.0, 20], [32.0, 31.30000000000001], 0.4, 0.4, true, 1.2], [[32.0, 20], [32.0, 31.30000000000001], 0.4, 0.4, true, 1.2], [[32.0, 31.30000000000001], [36.900000000000006, 31.30000000000001], 0.4, 0.4, true, 1.2], [[32.0, 31.30000000000001], [36.900000000000006, 31.30000000000001], 0.4, 0.4, true, 1.2], [[36.900000000000006, 31.30000000000001], [36.900000000000006, 30.60000000000001], 0.4, 0.4, true, 1.2], [[36.900000000000006, 31.30000000000001], [36.900000000000006, 30.60000000000001], 0.4, 0.4, true, 1.2], [[36.900000000000006, 31.30000000000001], [36.900000000000006, 33.100000000000016], 0.4, 0.4, true, 1.2], [[36.900000000000006, 31.30000000000001], [36.900000000000006, 33.100000000000016], 0.4, 0.4, true, 1.2], [[33.900000000000006, 23.900000000000002], [41.80000000000001, 23.900000000000002], 0.4, 0.4, true, 1.2], [[33.900000000000006, 23.900000000000002], [41.80000000000001, 23.900000000000002], 0.4, 0.4, true, 1.2], [[41.80000000000001, 23.900000000000002], [41.80000000000001, 33.100000000000016], 0.4, 0.4, true, 1.2], [[41.80000000000001, 23.900000000000002], [41.80000000000001, 33.100000000000016], 0.4, 0.4, true, 1.2], [[33.900000000000006, 28.700000000000006], [41.80000000000001, 28.700000000000006], 0.4, 0.4, true, 1.2], [[33.900000000000006, 28.700000000000006], [41.80000000000001, 28.700000000000006], 0.4, 0.4, true, 1.2]];
ports = [[[33.900000000000006, 26.300000000000004], 0.5, 0.1, true, 1.2], [[39.900000000000006, 26.300000000000004], 0.5, 0.1, true, 1.2]];
vias = [];
valves = [[[33.900000000000006, 23.900000000000002], 1.2, 1, 0.8999999999999999, true, 1.2], [[36.900000000000006, 22.0], 1.2, 1, 0.8999999999999999, true, 1.2], [[39.900000000000006, 23.900000000000002], 1.2, 1, 0.8999999999999999, true, 1.2], [[33.900000000000006, 28.700000000000006], 1.2, 1, 0.8999999999999999, true, 1.2], [[36.900000000000006, 30.60000000000001], 1.2, 1, 0.8999999999999999, true, 1.2], [[39.900000000000006, 28.700000000000006], 1.2, 1, 0.8999999999999999, true, 1.2]];
standoffs = [];
labels = [];
width = 75.8;
height = 51;
flip = true;
layer_offset = 1.2;
include <../SCAD/uf_Generator.scad>