channels = [[[46.41, 31.02], [46.41, 25.509999999999998], 0.41, 0.1, false, 0], [[49.015, 22.605], [49.015, 28.415], 0.41, 0.1, true, 1.2], [[40.21, 20], [40.21, 31.02], 0.41, 0.1, false, 0], [[31.405, 20], [31.405, 31.02], 0.41, 0.1, true, 1.2], [[31.405, 20], [47.92, 20], 0.41, 0.1, true, 1.2], [[40.21, 28.415], [46.41, 28.415], 0.41, 0.1, true, 1.2], [[40.21, 22.605], [34.010000000000005, 22.605], 0.41, 0.1, true, 1.2], [[40.21, 22.605], [49.015, 22.605], 0.41, 0.1, true, 1.2], [[34.010000000000005, 25.509999999999998], [46.41, 25.509999999999998], 0.41, 0.1, true, 1.2], [[31.405, 31.02], [43.31, 31.02], 0.41, 0.1, true, 1.2], [[34.010000000000005, 20], [34.010000000000005, 25.509999999999998], 0.41, 0.1, false, 0], [[40.21, 28.415], [49.015, 28.415], 0.41, 0.1, true, 1.2], [[49.015, 22.605], [50.42, 22.605], 0.41, 0.1, true, 1.2], [[30, 20], [50.42, 20], 0.41, 0.1, false, 0], [[37.11, 20], [31.405, 20], 0.41, 0.1, true, 1.2], [[30, 31.02], [50.42, 31.02], 0.41, 0.1, false, 0]];
ports = [[[30, 31.02], 0.7, 0.1, true, 1.2], [[50.42, 20], 0.7, 0.1, true, 1.2], [[30, 31.02], 0.7, 0.1, false, 0], [[47.92, 20], 0.7, 0.1, true, 1.2], [[46.41, 25.509999999999998], 0.7, 0.1, true, 1.2], [[30, 20], 0.7, 0.1, false, 0], [[30, 20], 0.7, 0.1, true, 1.2], [[50.42, 31.02], 0.7, 0.1, false, 0], [[34.010000000000005, 25.509999999999998], 0.7, 0.1, true, 1.2], [[50.42, 31.02], 0.7, 0.1, true, 1.2], [[50.42, 22.605], 0.7, 0.1, true, 1.2], [[50.42, 20], 0.7, 0.1, false, 0]];
vias = [[[46.41, 25.509999999999998], 0.8, 0.7, 1.0999999999999999, false, 0], [[50.42, 20], 0.8, 0.7, 1.0999999999999999, false, 0], [[30, 31.02], 0.8, 0.7, 1.0999999999999999, false, 0], [[50.42, 31.02], 0.8, 0.7, 1.0999999999999999, false, 0], [[30, 20], 0.8, 0.7, 1.0999999999999999, false, 0], [[34.010000000000005, 25.509999999999998], 0.8, 0.7, 1.0999999999999999, false, 0]];
valves = [[[46.41, 28.415], 1.4, 1.2, 0.8999999999999999, true, 1.2], [[43.31, 31.02], 1.4, 1.2, 0.8999999999999999, true, 1.2], [[40.21, 22.605], 1.4, 1.2, 0.8999999999999999, true, 1.2], [[34.010000000000005, 22.605], 1.4, 1.2, 0.8999999999999999, true, 1.2], [[37.11, 20], 1.4, 1.2, 0.8999999999999999, true, 1.2], [[40.21, 28.415], 1.4, 1.2, 0.8999999999999999, true, 1.2]];
standoffs = [[[72.8, 3], 1.2, 1.2, 1.2, false, 0], [[72.8, 48], 1.2, 1.2, 1.2, false, 0], [[3, 3], 1.2, 1.2, 1.2, false, 0], [[3, 48], 1.2, 1.2, 1.2, false, 0]];
labels = [];
width = 75.8;
height = 51;
flip = false;
layer_offset = 0;
include <../SCAD/uf_Generator.scad>